010010010000000000000000000000000000000000000
000010010000011000000100000000100000000000000
000011101100000000000010000000110110000000000
000011000100000000000010000000110110000000000
011010100000000000000000000000000000000000000
000010010000011000000100000000100000100000000
000011001100000000000010000000110110000010000
000010111100000000000010000000110110000010000
000110000100000000000000001000000000000000000
000010010000011000000100000000100001000000000
000000000000000000000000000000000000000000000
000000000000000000000000000000000000000000000
000010010000000100000000000100110000000000000
000010010000011000000001000000100000000000000
000010010000010000000010000100101010000010000
000011100100000000000010000000000000000000000
001010000000000000000000000000000000011100000
001010001000000000000000000000000000011000000
000100001100000100010000000000000000000000000
000100001100000100010000000000000000000000000
000010010000010100010000000101110000000000000
000010010000010100010000000101001100000010000
000010010000000100000000000100001000000010000
000010000010000000000100000000000001100100000
000010001010000000000100000000000001100000000
001011001010000000000000000000000000010000000
000000000000000000000000000000000000000000000
000010010000011000001000000000000000000100000
001011100010010000010000000001000000010100000
001011101010000000000000000000000000010000000
000010010000000100001000000010000000000100000
000010010000011000001000000000000000000000000
100000000000100000000000000000000000000000000
001100001010000000000000000000000000010100000
000000000000000000000000000000000000000000000
000100000001000000001000000000000000000100000
000100101000000100000000000110000000000000000
000100110010000010000000010000000000000010001
000101000100000000100000001000000000000000010
000100110000000000000000000000000000000001000
001101000000000000000000000000000000011100000
001101001000000000000000000000000000011100000
000101101100000000100000001000000000000000010
000101100100000000000000100000000000000000000
001101100000000000000000000000000000010100000
000101001010000000010000000000000000000000000
000010010000000100001000000000000000000000000
000110001100000000100000001000000000000000000
001110000000000000000000000000000000010100000
001110001000000000000000000000000000010100000
000101111000000100001000000010000000000100000
000010010000000001101000000000000000000000000
000010010000000000000000000000000000000000100
000000000000000000000000000000000000000000000
000000000000000000000000000000000000000000000
000000000000000000000000000000000000000000000
000000000000000000000000000000000000000000000
000000000000000000000000000000000000000000000
000000000000000000000000000000000000000000000
000000000000000000000000000000000000000000000
000000000000000000000000000000000000000000000
000000000000000000000000000000000000000000000
000000000000000000000000000000000000000000000
000000000000000000000000000000000000000000000
